MH 01
68 4.30077
86 5.99659
106 9.05335
126 8.82015
146 7.3701
166 9.8568
195 17.8842
213 20.3884
224 15.8876
675 48.0945
684 45.3638
691 49.6707
710 54.3006
772 65.7088
788 60.8261
802 59.8151
818 70.8479
845 61.3511
858 64.5032
876 63.7723
882 64.4592
892 66.3311
908 65.2666
915 79.91
925 76.089
938 71.0425
948 67.058
1003 71.1749
1018 88.2405
1028 73.863
1046 77.8428
1062 79.3445
1079 82.4951


MH 01
65 4.60915
83 5.21313
103 7.4882
124 6.3551
143 9.52029
164 13.9974
194 19.7859
209 20.3383
223 26.3445
684 52.4005
693 49.7725
709 57.767
776 57.635
793 58.4764
806 59.1633
821 64.9803
849 63.1795
862 64.3699
871 68.1977
881 93.4482
886 64.8601
896 68.5307
917 73.0444
927 73.8997
942 74.221
951 69.5636
1003 76.8522
1017 78.8199
1030 79.3184
1047 82.1232
1060 80.4347
1081 81.7345


MH 04
55 3.73496
74 7.35978
89 8.6172
104 12.4073
563 37.7593
582 39.6967
595 37.9435
652 47.7903
661 48.3944
667 50.7409
677 43.2719
692 48.6317
77 6.64793
97 2.97762
118 8.0553
137 5.7314
157 7.98965
